{"version": "suncg@1.0.0", "id": "f8ed9a69657436a496bf9d4cbc6d4a34", "up": [0, 1, 0], "front": [0, 0, 1], "scaleToMeters": 1, "levels": [{"id": "0", "nodes": [{"id": "0_0", "type": "Room", "valid": 1, "modelId": "fr_0rm_51", "nodeIndices": ["1", "2", "3", "4", "5"], "roomTypes": ["Bedroom"], "bbox": {"min": [26.342821073215354, 0, 37.6528369041306], "max": [30.32941524103415, 2.7399999387562293, 43.04936351589387]}}, {"id": "0_1", "type": "Object", "valid": 1, "transform": [0.913032054901123, 0, -0.4078877866268158, 0, 0, 1, 0, 0, 0.4078877866268158, 0, 0.913032054901123, 0, 26.78569793701172, 0.019999923184514046, 39.26769256591797, 1], "modelId": "122"}, {"id": "0_2", "type": "Object", "valid": 1, "transform": [-0.834896981716156, 0, 0.550406277179718, 0, 0, 1, 0, 0, -0.550406277179718, 0, -0.834896981716156, 0, 29.775856018066406, 0.019999923184514046, 41.81267166137695, 1], "modelId": "246"}, {"id": "0_3", "type": "Object", "valid": 1, "modelId": "385", "transform": [-0.3826834323650897, 0.0, -0.9238795325112867, 0.0, 0.0, 0.9999999999999999, 0.0, 0.0, 0.9238795325112867, 0.0, -0.3826834323650897, 0.0, 27.963901360249753, -5.551115123125783e-17, 42.34216466313723, 1.0]}, {"id": "0_4", "type": "Object", "valid": 1, "modelId": "403", "transform": [-1.8369701987210297e-16, 0.0, 1.0, 0.0, 0.0, 0.9999999999999999, 0.0, 0.0, -1.0, 0.0, -1.8369701987210297e-16, 0.0, 28.968295891499753, -5.551115123125783e-17, 39.778004506887235, 1.0]}, {"id": "0_5", "type": "Object", "valid": 1, "modelId": "620", "transform": [1.0, 0.0, 0.0, 0.0, 0.0, 0.9999999999999999, 0.0, 0.0, 0.0, 0.0, 1.0, 0.0, 27.373081047749753, -5.551115123125783e-17, 39.364430288137235, 1.0]}]}], "camera": {"orthographic": {"left": 25.311118157124753, "right": 31.361118157124753, "bottom": 37.326100210012235, "top": 43.37610021001223, "far": -0.5, "near": 4.05}}}