{
  "version": "suncg@1.0.0",
  "id": "5e7b9d9ac3bee07bd3a7f5ab49d8d9e6",
  "up": [
    0,
    1,
    0
  ],
  "front": [
    0,
    0,
    1
  ],
  "scaleToMeters": 1,
  "levels": [
    {
      "id": "0",
      "nodes": [
        {
          "id": "0_0",
          "type": "Room",
          "valid": 1,
          "modelId": "fr_0rm_2",
          "nodeIndices": [
            "1",
            "2",
            "3",
            "4",
            "5",
            "6",
            "7",
            "8",
            "9",
            "10",
            "11"
          ],
          "roomTypes": [
            "Living_Room"
          ],
          "bbox": {
            "min": [
              39.945185417490976,
              -1.776356799695581e-17,
              40.009996664300616
            ],
            "max": [
              45.14473531906151,
              2.739999938756229,
              45.34551168176131
            ]
          }
        },
        {
          "id": "0_1",
          "type": "Object",
          "valid": 1,
          "transform": [
            -1,
            0,
            1.2246468525851679e-16,
            0,
            0,
            1,
            0,
            0,
            -1.2246468525851679e-16,
            0,
            -1,
            0,
            44.00499725341797,
            0.03999999910593033,
            40.10000228881836,
            1
          ],
          "modelId": "757"
        },
        {
          "id": "0_2",
          "type": "Object",
          "valid": 1,
          "transform": [
            -1,
            0,
            1.2246468525851679e-16,
            0,
            0,
            1,
            0,
            0,
            -1.2246468525851679e-16,
            0,
            -1,
            0,
            42,
            0.03999999910593033,
            40.07999801635742,
            1
          ],
          "modelId": "761"
        },
        {
          "id": "0_3",
          "type": "Object",
          "valid": 1,
          "transform": [
            2.220446049250313e-16,
            0,
            1,
            0,
            0,
            1,
            0,
            0,
            -1,
            0,
            2.220446049250313e-16,
            0,
            45.099998474121094,
            0.03999999910593033,
            44.32451248168945,
            1
          ],
          "modelId": "763"
        },
        {
          "id": "0_4",
          "type": "Object",
          "valid": 1,
          "transform": [
            -1,
            0,
            1.2246468525851679e-16,
            0,
            0,
            1,
            0,
            0,
            -1.2246468525851679e-16,
            0,
            -1,
            0,
            38.57999801635742,
            0.09999999403953552,
            45.25,
            1
          ],
          "modelId": "753"
        },
        {
          "id": "0_5",
          "type": "Object",
          "valid": 1,
          "transform": [
            -0.9998077154159546,
            0,
            -0.019604073837399483,
            0,
            0,
            1,
            0,
            0,
            0.019604073837399483,
            0,
            -0.9998077154159546,
            0,
            42.63047409057617,
            0.09999999403953552,
            45.2515754699707,
            1
          ],
          "modelId": "754"
        },
        {
          "id": "0_6",
          "type": "Object",
          "valid": 1,
          "modelId": "s__1635",
          "transform": [
            -0.03234998789354551,
            0.0,
            -0.9994766021689991,
            0.0,
            0.0,
            0.9999999999999999,
            0.0,
            0.0,
            0.9994766021689991,
            0.0,
            -0.03234998789354551,
            0.0,
            40.169862712026244,
            -5.551115123125783e-17,
            45.73329646226362,
            1.0
          ]
        },
        {
          "id": "0_7",
          "type": "Object",
          "valid": 1,
          "modelId": "s__543",
          "transform": [
            -0.9956944937613501,
            0.0,
            -0.09269560449842666,
            0.0,
            0.0,
            0.9999999999999999,
            0.0,
            0.0,
            0.09269560449842666,
            0.0,
            -0.9956944937613501,
            0.0,
            40.813522147315624,
            -5.551115123125783e-17,
            45.703540996364794,
            1.0
          ]
        },
        {
          "id": "0_8",
          "type": "Object",
          "valid": 1,
          "modelId": "148",
          "transform": [
            0.9583466351114603,
            0.0,
            -0.2856076451542242,
            0.0,
            0.0,
            0.9999999999999999,
            0.0,
            0.0,
            0.2856076451542242,
            0.0,
            0.9583466351114603,
            0.0,
            48.84235492090842,
            -5.551115123125783e-17,
            40.479902610530964,
            1.0
          ]
        },
        {
          "id": "0_9",
          "type": "Object",
          "valid": 1,
          "modelId": "215",
          "transform": [
            0.18055804737086634,
            0.0,
            -0.9835643301429856,
            0.0,
            0.0,
            0.9999999999999999,
            0.0,
            0.0,
            0.9835643301429856,
            0.0,
            0.18055804737086634,
            0.0,
            46.569291023953376,
            -5.551115123125783e-17,
            40.57610382088645,
            1.0
          ]
        },
        {
          "id": "0_10",
          "type": "Object",
          "valid": 1,
          "modelId": "s__1638",
          "transform": [
            -0.1266843192337182,
            0.0,
            -0.9919430846879722,
            0.0,
            0.0,
            0.9999999999999999,
            0.0,
            0.0,
            0.9919430846879722,
            0.0,
            -0.1266843192337182,
            0.0,
            48.600082619403025,
            -5.551115123125783e-17,
            41.37682459242535,
            1.0
          ]
        },
        {
          "id": "0_11",
          "type": "Object",
          "valid": 1,
          "modelId": "s__1089",
          "transform": [
            0.11339039546023778,
            0.0,
            -0.9935505111555079,
            0.0,
            0.0,
            0.9999999999999999,
            0.0,
            0.0,
            0.9935505111555079,
            0.0,
            0.11339039546023778,
            0.0,
            48.90245153501907,
            -5.551115123125783e-17,
            40.962199122010496,
            1.0
          ]
        }
      ]
    }
  ],
  "camera": {
    "orthographic": {
      "left": 39.519960368276244,
      "right": 45.56996036827624,
      "bottom": 39.652754173030964,
      "top": 45.70275417303096,
      "far": -0.5,
      "near": 4.05
    }
  }
}